date,states,positive,negative,pending,hospitalizedCurrently,hospitalizedCumulative,inIcuCurrently,inIcuCumulative,onVentilatorCurrently,onVentilatorCumulative,recovered,hash,dateChecked,death,hospitalized,total,totalTestResults,posNeg,deathIncrease,hospitalizedIncrease,negativeIncrease,positiveIncrease,totalTestResultsIncrease
20200426,56,959056,4482023,4445,55030,95810,14831,2571,5121,227,91001,3366607a47755838aa443de309e7feb93d1b74b2,2020-04-26T20:00:00Z,49164,95810,5445524,5441079,5441079,1242,1067,229086,26814,255900
20200425,56,932242,4252937,5315,56312,94743,15020,2516,5266,227,88735,f1cb417044aeab224dfca4f2d6040ac7ea877230,2020-04-25T20:00:00Z,47922,94743,5190494,5185179,5185179,2188,1636,257402,40882,298284
20200424,56,891360,3995535,4396,56118,93107,15078,2468,5187,227,79248,10c3c4cefa607e89fc6dd932433b5afeb9cb3370,2020-04-24T20:00:00Z,45734,93107,4891291,4886895,4886895,1758,1999,194603,31541,226144
20200423,56,859819,3800932,4258,57879,91108,15163,2428,5464,227,61837,3e9d952cd55ba2bca85f52b62e2b3495d26898c5,2020-04-23T20:00:00Z,43976,91108,4665009,4660751,4660751,1883,5565,159700,31565,191265
20200422,56,828254,3641232,4191,58173,85543,15341,2370,5474,227,59809,26c6652730f2f240d86f89a6e658540f9622312d,2020-04-22T20:00:00Z,42093,85543,4473677,4469486,4469486,2110,1251,285950,27893,313843
20200421,56,800361,3355282,3956,58468,84292,15228,2315,5514,214,56407,5ea8a8165df3c5f47ab54d8378acdf24f6c24df0,2020-04-21T20:00:00Z,39983,84292,4159599,4155643,4155643,2667,1413,124255,27281,151536
20200420,56,773080,3231027,4037,55509,82879,14691,2193,5567,214,54438,8d15ac1d8fb57d63f579b51db1939d895e18f55f,2020-04-20T20:00:00Z,37316,82879,4008144,4004107,4004107,1532,1998,114366,23533,137899
20200419,56,749547,3116661,11324,55565,80881,14548,2145,5603,214,53630,480064c10420b693aad7d974b51ce8a2cc403a72,2020-04-19T20:00:00Z,35784,80881,3877532,3866208,3866208,1650,2042,140309,26923,167232
20200418,56,722624,2976352,9906,56575,78839,14788,2096,5729,205,51390,24c6ee3139b0be2d1a8b7145ca0c28416a4cdede,2020-04-18T20:00:00Z,34134,78839,3708882,3698976,3698976,1767,884,113379,27583,140962
20200417,56,695041,2862973,10889,57858,77955,14910,2052,6096,148,44139,d46a9e210836fc3c328f0506bffef700a5631420,2020-04-17T20:00:00Z,32367,77955,3568903,3558014,3558014,2067,3250,125169,31221,156390
20200416,56,663820,2737804,16927,58628,74705,15150,1834,5940,137,42032,eca36c00722d8e8e1d1dfb4ab759eec7f03d2e5d,2020-04-16T20:00:00Z,30300,74705,3418551,3401624,3401624,2130,5102,127705,30758,158463
20200415,56,633062,2610099,16901,59420,69603,14667,1783,6032,223,39405,2e5ef93d608738fd691406f7fc002e696bd1d3cf,2020-04-15T20:00:00Z,28170,69603,3260062,3243161,3243161,2476,2056,131186,30338,161524
20200414,56,602724,2478913,16615,58718,67547,14039,1715,5975,221,37645,7965ab8d920c81f004eb52da0c3f6649808517ec,2020-04-14T20:00:00Z,25694,67547,3098252,3081637,3081637,2307,4874,120681,25774,146455
20200413,56,576950,2358232,17159,55264,62673,13632,1628,6168,210,35442,f3f2681289ce4cc9aea0a2e1d439767dccbd14c7,2020-04-13T20:00:00Z,23387,62673,2952341,2935182,2935182,1450,1472,104166,24950,129116
20200412,56,552000,2254066,16419,52235,61201,13917,1455,5986,160,34151,6fc3272b73097aecf9e9c4a0da55f2a3a2e1197d,2020-04-12T20:00:00Z,21937,61201,2822485,2806066,2806066,1511,2652,111243,29219,140462
20200411,56,522781,2142823,16593,52250,58549,13563,1228,5978,41,31631,d4e963a7d25d8e24ed4cfcc85e0e1a1bdf799e7c,2020-04-11T20:00:00Z,20426,58549,2682197,2665604,2665604,1908,2207,106793,29879,136672
20200410,56,492902,2036030,17435,49310,56342,12698,1185,5937,41,29054,fbab8b017c703d29e0119d117d42ad6a5c9f66b3,2020-04-10T20:00:00Z,18518,56342,2546367,2528932,2528932,2081,4291,119310,34544,153854
20200409,56,458358,1916720,17622,47524,52051,12254,924,5794,39,24869,30469a29fc4bc7c34f53df439beefee775909479,2020-04-09T20:00:00Z,16437,52051,2392700,2375078,2375078,1882,3134,127920,34215,162135
20200408,56,424143,1788800,17219,41944,48917,9932,1013,4131,216,21141,4c5808eb223ef2c2ea0316ab6e117277158d1fcc,2020-04-08T20:00:00Z,14555,48917,2230162,2212943,2212943,1873,3417,109926,30171,140097
20200407,56,393972,1678874,16548,40463,45500,9875,889,4076,151,18477,574708040f708ab9be75e32cc4c2ce7619694ed0,2020-04-07T20:00:00Z,12682,45500,2089394,2072846,2072846,1933,2302,117662,30409,148071
20200406,56,363563,1561212,17283,32996,43198,6943,814,2961,147,16584,3d758fda711dcafd5717fed04049b68a359b1a01,2020-04-06T20:00:00Z,10749,43198,1942058,1924775,1924775,1174,2975,120496,28747,149243
20200405,56,334816,1440716,17303,29273,40223,5677,760,652,147,14542,60d4e6daa21dc738cea3291dbd2980e720b57f3a,2020-04-05T20:00:00Z,9575,40223,1792835,1775532,1775532,1176,2556,96629,25965,122594
20200404,56,308851,1344087,15569,27725,37667,5383,554,656,147,12840,bddcc6a01ce121e43215e5399de73d0bdef69279,2020-04-04T20:00:00Z,8399,37667,1668507,1652938,1652938,1360,4166,195732,33518,229250
20200403,56,275333,1148355,61976,24564,33501,4811,486,605,147,10861,9ef63313f3919f9cbe86453769836f17926bb4cb,2020-04-03T20:00:00Z,7039,33501,1485664,1423688,1423688,1190,3303,99957,31999,131956
20200402,56,243334,1048398,62097,21833,30198,4410,456,574,140,8586,857daa6a5497e718220afdd2f278a06bf92dd6ee,2020-04-02T20:00:00Z,5849,30198,1353829,1291732,1291732,1091,4141,93881,28058,121939
20200401,56,215276,954517,59665,19982,26057,3937,407,561,140,7084,f87a3fec87290861917383fb879d969d5cdbf898,2020-04-01T20:00:00Z,4758,26057,1229458,1169793,1169793,945,3890,78230,25179,103409
20200331,56,190097,876287,59518,17856,22167,3487,236,507,,5666,fc7aee45cadeed6c36fa7006ba2bec4544d4961c,2020-03-31T20:00:00Z,3813,22167,1125902,1066384,1066384,821,3656,82491,24477,106968
20200330,56,165620,793796,65369,15574,18511,3087,187,451,,4560,63c53a9ee5e1f2554b0e55736ab51fcc15785a4e,2020-03-30T20:00:00Z,2992,18511,1024785,959416,959416,516,2248,97424,21224,118648
20200329,56,144396,696372,65545,13833,16263,2456,156,439,,4061,4642ce5cc743cec66f01366d33775ea1c3458170,2020-03-29T20:00:00Z,2476,16263,906313,840768,840768,466,2514,73593,19482,93075
20200328,56,124914,622779,65709,12179,13749,2174,140,390,,3148,bb59f2384c09af916a8c3507881661c6d19e6130,2020-03-28T20:00:00Z,2010,13749,813402,747693,747693,428,2208,88530,19363,107893
20200327,56,105551,534249,60091,10789,11541,1792,124,324,,2422,ab798c0a4e7e756f897bf6993087d8db7510599a,2020-03-27T20:00:00Z,1582,11541,699891,639800,639800,368,2394,91968,18663,110631
20200326,56,86888,442281,60251,7617,9147,1299,91,258,,97,99b66673fe5fb824857b4a12cd7a9807d52c0da2,2020-03-26T20:00:00Z,1214,9147,589420,529169,529169,279,3711,79090,17316,96406
20200325,56,69572,363191,51235,892,5436,,74,167,,147,d63575a27a73a05e3b972aec226ebe465ef69785,2020-03-25T20:00:00Z,935,5436,483998,432763,432763,225,1345,66606,12294,78900
20200324,56,57278,296585,14433,485,4091,,,,,,6d10e7aaabf17b5e23cf310682a77ab7ca625c22,2020-03-24T20:00:00Z,710,4091,368296,353863,353863,197,833,56425,10166,66591
20200323,56,47112,240160,14571,141,3258,,,,,,877a7f6913fa4806ee6714b705a6974a6e4cfd0d,2020-03-23T20:00:00Z,513,3258,301843,287272,287272,83,760,45054,10679,55733
20200322,56,36433,195106,2842,112,2498,,,,,,ea0c3bc8a382d9ecd2a6cbc442763f5b48ab84b7,2020-03-22T20:00:00Z,430,2498,234381,231539,231539,130,534,37570,8962,46532
20200321,56,27471,157536,3468,,1964,,,,,,278918804af3da59555d4eb4b3c06c3e97f713b3,2020-03-21T20:00:00Z,300,1964,188475,185007,185007,51,1964,38566,6532,45098
20200320,56,20939,118970,3330,,,,,,,,1704571a7b61c838a0f733f639798c3eca6514b9,2020-03-20T20:00:00Z,249,,143239,139909,139909,63,0,30031,5777,35808
20200319,56,15162,88939,3016,,,,,,,,a721db5eddeed984cdfec456a43d32d7cd963ecd,2020-03-19T20:00:00Z,186,,107117,104101,104101,43,0,21771,4197,25968
20200318,56,10965,67168,2526,,,,,,,,becf792caef38e63e91597a8ad7ca2ae95d862fb,2020-03-18T20:00:00Z,143,,80659,78133,78133,23,0,19115,2577,21692
20200317,56,8388,48053,1687,,,,,,,,780d09e52078298111e767431cb1cb7bb5bb9665,2020-03-17T20:00:00Z,120,,58128,56441,56441,22,0,11949,2191,14140
20200316,56,6197,36104,1691,,,,,,,,e972fbef1ef894a3370657d3a0c245061e571a39,2020-03-16T20:00:00Z,98,,43992,42301,42301,-5579,0,13480,1280,14760
20200315,51,4917,22624,2242,,,,,,,,6560e8b7c0798b5e88069928a3e5d6cdc0479bfa,2020-03-15T20:00:00Z,5677,,29783,27541,27541,5614,0,5522,1058,6580
20200314,51,3859,17102,1236,,,,,,,,b465fe22a0c0b76763f745680e65e6d5b9840108,2020-03-14T20:00:00Z,63,,22197,20961,20961,8,0,3489,755,4244
20200313,51,3104,13613,1130,,,,,,,,ac33677c0cd2f543b3fb80b07757df63b2ea2368,2020-03-13T20:00:00Z,55,,17847,16717,16717,4,0,5572,875,6447
20200312,51,2229,8041,673,,,,,,,,62f13d765bb85fbe2dd887cefc9727672ce999da,2020-03-12T20:00:00Z,51,,10943,10270,10270,8,0,1935,465,2400
20200311,51,1764,6106,563,,,,,,,,d43ef116fa143ed67746a6adf40c4f4960582c14,2020-03-11T20:00:00Z,43,,8433,7870,7870,6,0,2294,392,2686
20200310,51,1372,3812,469,,,,,,,,765b03b1a8001bbe24666c445d976df40b18d301,2020-03-10T20:00:00Z,37,,5653,5184,5184,2,0,468,318,786
20200309,51,1054,3344,313,,,,,,,,c69f3ea5cba1fc43f85ddb6ebb43c08b6d0848a9,2020-03-09T20:00:00Z,35,,4711,4398,4398,4,0,1009,320,1329
20200308,51,734,2335,347,,,,,,,,837163efbedbff9f9cddf91eef6832a7be6b0430,2020-03-08T20:00:00Z,31,,3416,3069,3069,4,0,496,183,679
20200307,51,551,1839,602,,,,,,,,e92591fefd3041aea638f41d7849f63abeda92c0,2020-03-07T21:00:00Z,27,,2992,2390,2390,1,0,251,156,407
20200306,37,395,1588,458,,,,,,,,16267a92330f7d42a4d88b8dc381bcb09b0170e6,2020-03-06T21:00:00Z,26,,2441,1983,1983,6,0,618,118,736
20200305,25,277,970,197,,,,,,,,768dda12019c1c607c700e84339f3bd87c900dbd,2020-03-05T21:00:00Z,20,,1444,1247,1247,4,0,211,68,279
20200304,16,209,759,103,,,,,,,,469fa0e70ed7d25e9989fc688df5f75ebb22cb54,2020-03-04T21:00:00Z,16,,1071,968,968,2,0,753,115,868
20200303,3,94,6,,,,,,,,,86770db4d6896557717aeae87fff9e3b90548964,2020-03-03T21:00:00Z,14,,100,100,100,3,0,6,41,47
20200302,3,53,,,,,,,,,,6513d03460ba39e3593914dcf26e9686a6102c3a,2020-03-02T21:00:00Z,11,,53,53,53,3,0,0,13,13
20200301,3,40,,,,,,,,,,ca260a1247d2b0574d24373499373db27272de6e,2020-03-01T21:00:00Z,8,,40,40,40,3,0,0,22,22
20200229,1,18,,,,,,,,,,243260e18d47e670dade08ee5a5195fcc8b5a9db,2020-02-29T21:00:00Z,5,,18,18,18,1,0,0,9,9
20200228,1,9,,,,,,,,,,7de1cbe8b7b0a50a3afdd4b9c4d69ff78318681e,2020-02-28T21:00:00Z,4,,9,9,9,2,0,0,7,7
20200227,1,2,,,,,,,,,,a805cea4ab45c022f6b00d6076f20d4e77583783,2020-02-27T21:00:00Z,2,,2,2,2,0,0,0,0,0
20200226,1,2,,,,,,,,,,837d19c7fcf582a8220fa348e8d85fd3f7811012,2020-02-26T21:00:00Z,2,,2,2,2,2,0,0,0,0
20200225,1,2,,,,,,,,,,578b3152c51f04daa4ee6ea3506caa775b5f1f76,2020-02-25T21:00:00Z,,,2,2,2,0,0,0,0,0
20200224,1,2,,,,,,,,,,3a27dd08c3d0828107dd98ad135a53f0b4f08666,2020-02-24T21:00:00Z,,,2,2,2,0,0,0,0,0
20200223,1,2,,,,,,,,,,1bdeb1e3884a10e62b93bbccfc90f03a6cc13576,2020-02-23T21:00:00Z,,,2,2,2,0,0,0,0,0
20200222,1,2,,,,,,,,,,df77ad25e996d3edeef4143c0034e41bb90ff8d7,2020-02-22T21:00:00Z,,,2,2,2,0,0,0,0,0
20200221,1,2,,,,,,,,,,39ea15cf24b8e78f2ddb174c892479a842800926,2020-02-21T21:00:00Z,,,2,2,2,0,0,0,0,0
20200220,1,2,,,,,,,,,,b548a7aae5afe902cf1ab97ebfd580bf19e38521,2020-02-20T21:00:00Z,,,2,2,2,0,0,0,0,0
20200219,1,2,,,,,,,,,,25c62be2c01dba1116589405c3d4a7898c750721,2020-02-19T21:00:00Z,,,2,2,2,0,0,0,0,0
20200218,1,2,,,,,,,,,,5878af2ae84856bcfb78f8b8b4b70fadb7dc0a47,2020-02-18T21:00:00Z,,,2,2,2,0,0,0,0,0
20200217,1,2,,,,,,,,,,da75d8f0f88d970e35dd293431ef673f2af1438c,2020-02-17T21:00:00Z,,,2,2,2,0,0,0,0,0
20200216,1,2,,,,,,,,,,9e17f5b8ee9645a9111cb8db49a7bd758dd0bc73,2020-02-16T21:00:00Z,,,2,2,2,0,0,0,0,0
20200215,1,2,,,,,,,,,,e336ba8654b9c45fe6771c2f4d4e40d8b61f2f2b,2020-02-15T21:00:00Z,,,2,2,2,0,0,0,0,0
20200214,1,2,,,,,,,,,,262efe18f989824eb72a8372c9b2c9c9da327057,2020-02-14T21:00:00Z,,,2,2,2,0,0,0,0,0
20200213,1,2,,,,,,,,,,11c38a2f6a1800231250f1131b0ff6fa04c7192e,2020-02-13T21:00:00Z,,,2,2,2,0,0,0,0,0
20200212,1,2,,,,,,,,,,7027cacbbb65cf28fd2a691e18fa266ae320101a,2020-02-12T21:00:00Z,,,2,2,2,0,0,0,0,0
20200211,1,2,,,,,,,,,,ed44edfeeb97f3a0e0ed58969a9307e7f6ed86e1,2020-02-11T21:00:00Z,,,2,2,2,0,0,0,0,0
20200210,1,2,,,,,,,,,,369de9a0d6f4da00c4a18501f32de48f93ef60b1,2020-02-10T21:00:00Z,,,2,2,2,0,0,0,0,0
20200209,1,2,,,,,,,,,,411bb85c192f54f7a44df3e8f6693c20999126b9,2020-02-09T21:00:00Z,,,2,2,2,0,0,0,0,0
20200208,1,2,,,,,,,,,,e80ee5933ca22c0361b63abc50662a42c00b1717,2020-02-08T21:00:00Z,,,2,2,2,0,0,0,0,0
20200207,1,2,,,,,,,,,,c4f14d68a8e24875a03a3be45b06abd1852a583e,2020-02-07T21:00:00Z,,,2,2,2,0,0,0,1,1
20200206,1,1,,,,,,,,,,836f913fb08c69692a025e280a4c684a80b1796f,2020-02-06T21:00:00Z,,,1,1,1,0,0,0,0,0
20200205,1,1,,,,,,,,,,bacb23252fc23eed150dae0934012fc6e22187d1,2020-02-05T21:00:00Z,,,1,1,1,0,0,0,0,0
20200204,1,1,,,,,,,,,,48d61649a3db06c47783fe643e0acdb8a15b6c12,2020-02-04T21:00:00Z,,,1,1,1,0,0,0,0,0
20200203,1,1,,,,,,,,,,e887293476f594e90ba32c385d22b3bced9aa063,2020-02-03T21:00:00Z,,,1,1,1,0,0,0,0,0
20200202,1,1,,,,,,,,,,fb99aa8a412d538f5f51e2254b63d201baaf0921,2020-02-02T21:00:00Z,,,1,1,1,0,0,0,0,0
20200201,1,1,,,,,,,,,,58e13ca4e44e7210254e7b96070cb33fc65d5300,2020-02-01T21:00:00Z,,,1,1,1,0,0,0,0,0
20200131,1,1,,,,,,,,,,758f70010ae20a79a7ddf5af353e641b1a2f2846,2020-01-31T21:00:00Z,,,1,1,1,0,0,0,0,0
20200130,1,1,,,,,,,,,,29b71efffebda97166780afdbdf9064209ef97c6,2020-01-30T21:00:00Z,,,1,1,1,0,0,0,0,0
20200129,1,1,,,,,,,,,,060141ee6f965eee9e5e2f41a97477320c32ea4d,2020-01-29T21:00:00Z,,,1,1,1,0,0,0,0,0
20200128,1,1,,,,,,,,,,f74719df84c05599172392056e21bda7fb118903,2020-01-28T21:00:00Z,,,1,1,1,0,0,0,0,0
20200127,1,1,,,,,,,,,,0fa4d692fb4012d0200fdd2dc51428578e613855,2020-01-27T21:00:00Z,,,1,1,1,0,0,0,0,0
20200126,1,1,,,,,,,,,,49d7f7395cd6355c1cfd73e8f987b880a23b0806,2020-01-26T21:00:00Z,,,1,1,1,0,0,0,0,0
20200125,1,1,,,,,,,,,,3397c4f4ae5bca7147c616b98530b573a34d53fe,2020-01-25T21:00:00Z,,,1,1,1,0,0,0,0,0
20200124,1,1,,,,,,,,,,df62af08ca19261e649a2956caaa742afa10fba4,2020-01-24T21:00:00Z,,,1,1,1,0,0,0,0,0
20200123,1,1,,,,,,,,,,990a02f183bd45edc0cc64e2e9cee81ade44e1d5,2020-01-23T21:00:00Z,,,1,1,1,0,0,0,0,0
20200122,1,1,,,,,,,,,,6f126ac272c96ac177c9e7a012c1ad72635ef468,2020-01-22T21:00:00Z,,,1,1,1,,,,,